2.0157480314961e-02 5.2913385826772e-02 2.9842519685039e-02 2.1417322834646e-02 4.2598425196850e-02 1.4370078740157e-01 8.0078740157480e-02 2.2283464566929e-02 2.6771653543307e-02 4.3149606299213e-02 4.4960629921260e-02 2.1732283464567e-02 2.2677165354331e-02 8.3385826771653e-02 1.8897637795276e-02 2.2440944881890e-02 1.3937007874016e-02 4.7165354330709e-02 5.2913385826772e-02 1.6220472440945e-02 3.0708661417323e-02 8.5118110236220e-02 1.7716535433071e-02 1.1259842519685e-02 2.7952755905512e-02 
3.9907407407407e-02 5.0870370370370e-01 1.3518518518519e-02 2.5000000000000e-02 1.0370370370370e-02 1.4351851851852e-02 2.0833333333333e-02 1.1851851851852e-02 2.1388888888889e-02 4.8425925925926e-02 1.9722222222222e-02 1.4814814814815e-02 9.9074074074074e-03 2.1759259259259e-02 3.0740740740741e-02 1.1388888888889e-02 4.1296296296296e-02 2.2037037037037e-02 2.2592592592593e-02 9.4444444444445e-03 1.2407407407407e-02 1.6018518518519e-02 1.1296296296296e-02 1.2592592592593e-02 2.9629629629630e-02 
2.6296296296296e-02 2.7962962962963e-02 2.5555555555556e-02 3.6296296296296e-02 3.7222222222222e-02 4.5000000000000e-02 1.3111111111111e-01 1.0129629629630e-01 2.7592592592593e-02 1.8888888888889e-02 3.3888888888889e-02 1.0629629629630e-01 2.2037037037037e-02 2.0185185185185e-02 3.1481481481481e-02 2.0740740740741e-02 2.3333333333333e-02 2.0000000000000e-02 7.5925925925926e-02 4.5925925925926e-02 2.3148148148148e-02 2.5000000000000e-02 2.0000000000000e-02 2.5370370370370e-02 2.9444444444444e-02 
9.3939393939394e-03 3.4393939393939e-02 5.0227272727273e-02 2.0757575757576e-02 2.8863636363636e-02 2.0227272727273e-02 1.4015151515152e-02 3.7272727272727e-02 3.5530303030303e-02 1.5681818181818e-02 1.0265151515152e-01 1.1666666666667e-02 1.6590909090909e-02 2.7878787878788e-02 7.1515151515152e-02 1.9166666666667e-02 6.7575757575758e-02 6.1590909090909e-02 1.3257575757576e-02 5.8863636363636e-02 3.1287878787879e-02 6.3484848484848e-02 1.2613636363636e-01 4.8939393939394e-02 1.3030303030303e-02 
2.4886363636364e-02 1.2045454545455e-02 3.1022727272727e-01 6.0227272727273e-02 1.1931818181818e-02 4.3977272727273e-02 2.1931818181818e-02 8.1363636363636e-02 2.4545454545455e-02 1.8863636363636e-02 1.3295454545455e-02 2.2159090909091e-02 1.5000000000000e-02 1.3295454545455e-02 5.3522727272727e-02 2.6818181818182e-02 1.9431818181818e-02 1.3295454545455e-02 1.1931818181818e-02 1.5681818181818e-02 3.1363636363636e-02 1.9545454545455e-02 1.0602272727273e-01 1.3295454545455e-02 1.5340909090909e-02 
3.1849315068493e-02 6.5958904109589e-02 4.3904109589041e-02 2.0273972602740e-02 1.8801369863014e-01 1.5136986301370e-02 2.0616438356164e-02 4.0068493150685e-02 2.6232876712329e-02 1.0958904109589e-02 7.1438356164384e-02 1.8287671232877e-02 4.6369863013699e-02 2.4041095890411e-02 7.5753424657534e-02 4.0547945205479e-02 4.7328767123288e-02 4.3767123287671e-02 3.2328767123288e-02 9.7260273972603e-03 1.9931506849315e-02 2.5753424657534e-02 4.3493150684931e-02 1.3698630136986e-02 2.4520547945205e-02 
5.6974789915966e-02 1.4705882352941e-02 4.8067226890756e-02 1.3436974789916e-01 5.5966386554622e-02 1.4117647058824e-02 1.8151260504202e-02 5.1008403361344e-02 1.0420168067227e-02 1.6050420168067e-02 3.5798319327731e-02 4.0504201680672e-02 2.9075630252101e-02 3.7563025210084e-02 1.2689075630252e-02 1.2773109243697e-02 1.2100840336134e-02 5.9075630252101e-02 7.5126050420168e-02 1.1781512605042e-01 1.4789915966387e-02 1.2268907563025e-02 3.1512605042017e-02 6.9495798319328e-02 1.9579831932773e-02 
1.7386363636364e-02 6.3409090909091e-02 7.0568181818182e-02 1.1931818181818e-02 1.8977272727273e-02 1.6477272727273e-02 1.2500000000000e-02 2.2159090909091e-02 4.6590909090909e-02 1.0875000000000e-01 1.4545454545455e-02 1.3636363636364e-02 1.2954545454545e-02 4.0681818181818e-02 1.4443181818182e-01 1.9090909090909e-02 5.8068181818182e-02 1.3977272727273e-02 2.9318181818182e-02 1.7954545454545e-02 1.2386363636364e-02 1.4659090909091e-02 1.3738636363636e-01 6.5909090909091e-02 1.6250000000000e-02 
4.3636363636364e-02 1.6060606060606e-02 2.1439393939394e-02 1.1613636363636e-01 1.8621212121212e-01 2.9621212121212e-02 1.0606060606061e-02 1.0856060606061e-01 2.1515151515152e-02 1.2575757575758e-02 7.5151515151515e-02 1.6363636363636e-02 1.2651515151515e-02 4.0757575757576e-02 2.0303030303030e-02 2.4090909090909e-02 2.0833333333333e-02 3.0303030303030e-02 1.4090909090909e-02 3.2348484848485e-02 2.6060606060606e-02 1.3106060606061e-02 6.8484848484849e-02 2.5606060606061e-02 1.3484848484848e-02 
1.5000000000000e-02 1.0738461538462e-01 2.3230769230769e-02 2.7153846153846e-02 2.0076923076923e-01 2.7000000000000e-02 3.3153846153846e-02 3.4076923076923e-02 1.3076923076923e-02 2.6538461538461e-02 3.4615384615385e-02 1.0153846153846e-02 3.8461538461538e-02 3.9615384615385e-02 2.3461538461538e-02 8.7692307692308e-03 2.3538461538462e-02 7.6692307692308e-02 1.9538461538462e-02 1.9384615384615e-02 1.2769230769231e-02 9.3846153846154e-03 2.8923076923077e-02 4.6461538461538e-02 1.0084615384615e-01 
1.3669064748201e-02 2.5755395683453e-02 9.8561151079137e-03 3.7050359712230e-02 8.2877697841727e-02 2.1294964028777e-02 6.4892086330935e-02 5.0359712230216e-02 1.1151079136691e-02 3.3237410071942e-02 1.7769784172662e-02 1.3093525179856e-02 4.1438848920863e-02 2.0503597122302e-02 1.4316546762590e-02 3.0978417266187e-01 2.9568345323741e-02 4.4676258992806e-02 2.7266187050360e-02 2.6690647482014e-02 1.8633093525180e-02 2.8992805755396e-02 2.3309352517986e-02 1.1726618705036e-02 2.2086330935252e-02 
1.0078740157480e-02 3.0944881889764e-02 2.9133858267717e-02 1.0472440944882e-02 1.7456692913386e-01 1.4409448818898e-02 1.9212598425197e-02 4.5669291338583e-02 1.9133858267717e-02 4.2125984251968e-02 1.3937007874016e-02 2.1653543307087e-02 4.9527559055118e-02 4.1811023622047e-02 5.8188976377953e-02 1.6456692913386e-02 2.4803149606299e-02 3.1259842519685e-02 2.2204724409449e-02 1.4488188976378e-02 3.5354330708661e-02 3.7007874015748e-02 1.0897637795276e-01 7.2519685039370e-02 5.6062992125984e-02 
5.4015748031496e-02 2.4251968503937e-02 1.9527559055118e-02 8.1968503937008e-02 9.0472440944882e-02 2.0000000000000e-02 1.7559055118110e-02 9.3070866141732e-02 1.3070866141732e-02 2.1889763779528e-02 2.6377952755905e-02 2.2047244094488e-02 4.8188976377953e-02 5.2598425196850e-02 3.0236220472441e-02 1.7952755905512e-02 1.0393700787402e-02 2.4881889763779e-02 8.7480314960630e-02 1.0803149606299e-01 3.6771653543307e-02 3.0708661417323e-02 2.0551181102362e-02 2.9291338582677e-02 1.8661417322835e-02 
1.6538461538462e-02 1.7307692307692e-02 3.4487179487179e-02 3.1410256410256e-02 2.3205128205128e-02 3.5128205128205e-02 1.4487179487179e-02 1.9230769230769e-02 3.0512820512820e-02 2.7948717948718e-02 2.9358974358974e-02 1.3717948717949e-02 1.9615384615385e-02 3.4871794871795e-02 1.6923076923077e-01 4.4615384615385e-02 5.7692307692308e-02 6.8461538461538e-02 1.8333333333333e-02 1.4871794871795e-02 4.9615384615385e-02 5.3461538461538e-02 1.2012820512820e-01 2.1410256410256e-02 3.4358974358974e-02 
4.3582089552239e-02 2.3656716417910e-02 2.7835820895522e-02 5.3134328358209e-02 6.8880597014925e-02 6.9477611940299e-02 3.8507462686567e-02 3.5373134328358e-02 2.4552238805970e-02 6.4701492537313e-02 5.5149253731343e-02 1.5746268656716e-02 6.9626865671642e-02 1.4626865671642e-02 1.0970149253731e-02 1.6268656716418e-02 1.1791044776119e-02 2.4253731343284e-02 4.8358208955224e-02 1.9253731343284e-02 4.2835820895522e-02 1.3320895522388e-01 2.1492537313433e-02 5.4850746268657e-02 1.1865671641791e-02 
1.7500000000000e-02 4.2861111111111e-01 1.9027777777778e-02 1.4861111111111e-02 1.4305555555556e-02 1.5972222222222e-02 2.7361111111111e-02 1.4305555555556e-02 3.0138888888889e-02 1.3972222222222e-01 1.4305555555556e-02 1.4166666666667e-02 1.5555555555556e-02 1.6388888888889e-02 1.5000000000000e-02 1.4305555555556e-02 2.0416666666667e-02 1.8888888888889e-02 1.4166666666667e-02 1.4166666666667e-02 1.4027777777778e-02 1.4027777777778e-02 1.4027777777778e-02 2.1805555555556e-02 5.6944444444444e-02 
2.2542372881356e-02 4.4237288135593e-02 1.1610169491525e-02 2.0084745762712e-02 6.1355932203390e-02 1.3728813559322e-02 1.9745762711864e-02 1.3135593220339e-02 2.1779661016949e-02 1.3983050847458e-02 2.0762711864407e-02 9.1525423728813e-03 1.1228813559322e-01 5.6525423728814e-02 1.0720338983051e-01 1.5254237288136e-02 6.2457627118644e-02 5.0847457627119e-02 1.0338983050847e-02 1.2093220338983e-01 1.4406779661017e-02 3.1101694915254e-02 1.0161016949153e-01 2.5762711864407e-02 1.9152542372881e-02 
5.1449275362319e-02 4.9710144927536e-02 1.6043478260870e-01 1.5942028985507e-02 2.1014492753623e-02 2.2463768115942e-02 2.1449275362319e-02 3.7681159420290e-02 7.7101449275362e-02 8.8550724637681e-02 1.8985507246377e-02 1.8550724637681e-02 1.6231884057971e-02 1.5072463768116e-02 2.3623188405797e-02 3.8695652173913e-02 1.4927536231884e-02 1.4927536231884e-02 1.6376811594203e-02 2.7971014492754e-02 3.3768115942029e-02 2.5942028985507e-02 1.5724637681159e-01 1.6811594202899e-02 1.5072463768116e-02 
1.3161764705882e-02 1.9779411764706e-02 2.8308823529412e-02 3.8455882352941e-02 5.9632352941176e-02 5.3308823529412e-02 3.5661764705882e-02 1.7058823529412e-02 2.3382352941176e-02 1.8235294117647e-02 7.5955882352941e-02 9.0441176470588e-03 9.2426470588235e-02 7.0955882352941e-02 1.3625000000000e-01 4.3750000000000e-02 3.5073529411765e-02 8.5441176470588e-02 3.8750000000000e-02 1.1176470588235e-02 2.6397058823529e-02 2.3970588235294e-02 1.8823529411765e-02 1.1838235294118e-02 1.3161764705882e-02 
3.5943396226415e-02 9.4245283018868e-02 2.0188679245283e-02 7.9245283018868e-02 1.6509433962264e-02 1.7641509433962e-02 2.3301886792453e-02 2.9716981132075e-01 2.2264150943396e-02 1.1603773584906e-02 1.2830188679245e-02 1.7792452830189e-01 1.2075471698113e-02 1.0566037735849e-02 1.5000000000000e-02 2.4245283018868e-02 1.1415094339623e-02 2.0849056603774e-02 1.1320754716981e-02 1.3396226415094e-02 2.3584905660377e-02 1.4056603773585e-02 1.2264150943396e-02 1.0471698113208e-02 1.1886792452830e-02 
4.1666666666667e-02 2.4047619047619e-02 4.2063492063492e-02 4.4682539682540e-02 1.1746031746032e-02 1.5095238095238e-01 5.4206349206349e-02 1.3730158730159e-02 5.3253968253968e-02 1.1984126984127e-02 1.6349206349206e-02 2.1984126984127e-02 1.8865079365079e-01 1.4920634920635e-02 1.5158730158730e-02 2.4206349206349e-02 1.3650793650794e-02 1.1904761904762e-02 1.1349206349206e-02 4.1587301587302e-02 4.7380952380952e-02 9.3015873015873e-02 2.2301587301587e-02 1.8968253968254e-02 1.0238095238095e-02 
1.6790123456790e-02 1.2962962962963e-02 2.9876543209877e-02 4.2098765432099e-02 1.8024691358025e-02 1.4691358024691e-02 4.6666666666667e-02 6.1481481481482e-02 1.5308641975309e-02 2.5185185185185e-02 5.3333333333333e-02 2.4962962962963e-01 2.0370370370370e-02 3.3950617283951e-02 1.6666666666667e-02 7.2962962962963e-02 1.7901234567901e-02 1.4444444444444e-02 3.1604938271605e-02 1.8271604938272e-02 5.4074074074074e-02 1.5925925925926e-02 2.5925925925926e-02 7.6419753086420e-02 1.5432098765432e-02 
3.4354838709677e-02 2.6935483870968e-02 1.8709677419355e-02 1.9032258064516e-02 2.0806451612903e-02 3.6774193548387e-02 3.5161290322581e-02 5.0806451612903e-02 8.1774193548387e-02 2.9838709677419e-02 2.9193548387097e-02 1.6290322580645e-02 1.7258064516129e-02 2.3387096774194e-02 3.7741935483871e-02 1.7580645161290e-02 3.0000000000000e-02 2.0000000000000e-02 2.4516129032258e-02 2.7258064516129e-02 2.1564516129032e-01 2.1774193548387e-02 4.4193548387097e-02 1.0080645161290e-01 2.0161290322581e-02 
1.4181818181818e-02 4.8636363636364e-02 2.2454545454545e-02 1.4545454545455e-02 1.1818181818182e-02 4.5909090909091e-02 5.9727272727273e-02 2.4272727272727e-02 2.9000000000000e-02 1.3909090909091e-02 1.3818181818182e-02 9.2000000000000e-02 2.8545454545455e-02 1.2545454545455e-02 1.1181818181818e-02 1.0909090909091e-02 1.2681818181818e-01 1.5854545454545e-01 1.1827272727273e-01 1.5181818181818e-02 5.4636363636364e-02 2.1545454545455e-02 1.1363636363636e-02 1.9181818181818e-02 2.1000000000000e-02 
1.6451851851852e-01 1.6000000000000e-02 4.7111111111111e-02 6.4740740740741e-02 1.0496296296296e-01 1.5555555555556e-02 3.0888888888889e-02 3.4518518518519e-02 2.1481481481481e-02 2.6888888888889e-02 1.4888888888889e-02 2.6666666666667e-02 4.6962962962963e-02 1.9333333333333e-02 8.9629629629630e-03 1.3570370370370e-01 2.4814814814815e-02 3.1925925925926e-02 3.6222222222222e-02 3.6222222222222e-02 1.1407407407407e-02 1.7037037037037e-02 1.4666666666667e-02 1.1629629629630e-02 3.6888888888889e-02 
4.9661016949152e-02 2.0508474576271e-02 1.6949152542373e-02 1.8474576271186e-02 2.2881355932203e-02 1.1305084745763e-01 2.1864406779661e-02 2.2203389830508e-02 5.0169491525424e-02 6.2711864406780e-02 3.0508474576271e-02 2.8305084745763e-02 1.7796610169491e-02 3.8644067796610e-02 3.3220338983051e-02 3.1355932203390e-02 2.0169491525424e-02 1.1779661016949e-01 8.2711864406780e-02 1.7966101694915e-02 6.8135593220339e-02 1.7966101694915e-02 3.6610169491525e-02 4.2542372881356e-02 1.7796610169491e-02 
1.5092307692308e-01 2.7538461538461e-02 9.0769230769231e-03 2.5769230769231e-02 2.5615384615385e-02 1.9176923076923e-01 1.2153846153846e-02 7.1615384615385e-02 3.1461538461538e-02 1.2846153846154e-02 5.9923076923077e-02 4.8769230769231e-02 1.0230769230769e-02 1.9615384615385e-02 1.4230769230769e-02 6.2076923076923e-02 3.3692307692308e-02 2.5000000000000e-02 2.4307692307692e-02 1.9000000000000e-02 3.4384615384615e-02 2.5846153846154e-02 2.6384615384615e-02 2.7769230769231e-02 1.0000000000000e-02 
2.1403508771930e-02 2.7912280701754e-01 2.1228070175439e-02 2.3508771929825e-02 1.9298245614035e-02 2.4210526315790e-02 2.4385964912281e-02 1.9649122807018e-02 3.0877192982456e-02 1.1526315789474e-01 4.7368421052632e-02 1.8947368421053e-02 4.0350877192983e-02 2.0701754385965e-02 2.2456140350877e-02 2.4035087719298e-02 3.2631578947368e-02 3.3684210526316e-02 3.9473684210526e-02 1.8421052631579e-02 2.6315789473684e-02 1.8947368421053e-02 2.1052631578947e-02 3.7017543859649e-02 1.9649122807018e-02 
2.4430379746835e-02 1.8924050632911e-01 2.2278481012658e-02 2.0886075949367e-02 2.6962025316456e-02 1.4810126582278e-02 2.4177215189873e-02 2.1139240506329e-02 4.7341772151899e-02 1.7772151898734e-01 2.0886075949367e-02 1.4810126582278e-02 3.2531645569620e-02 1.5696202531646e-02 1.4810126582278e-02 1.6835443037975e-02 2.7215189873418e-02 1.5822784810127e-02 4.9113924050633e-02 1.5822784810127e-02 1.5696202531646e-02 1.3670886075949e-02 2.2151898734177e-02 2.5696202531646e-02 1.3025316455696e-01 
1.6071428571429e-02 2.6071428571429e-02 2.5714285714286e-02 1.2857142857143e-02 1.2738095238095e-02 1.4166666666667e-02 2.1511904761905e-01 2.1190476190476e-02 7.4880952380952e-02 2.9523809523809e-02 2.1547619047619e-02 1.3928571428571e-02 1.8452380952381e-02 6.9404761904762e-02 2.9761904761905e-02 1.7142857142857e-02 2.6428571428571e-02 1.3678571428571e-01 2.2023809523809e-02 4.7261904761905e-02 5.2857142857143e-02 1.7619047619048e-02 4.9285714285714e-02 1.2976190476190e-02 1.6190476190476e-02 
1.7377049180328e-02 1.7491803278689e-01 2.1147540983607e-02 7.2786885245902e-02 1.8032786885246e-02 1.7868852459016e-02 1.9836065573771e-02 2.1967213114754e-02 6.3934426229508e-02 2.1311475409836e-02 2.3770491803279e-02 2.3114754098361e-02 2.0983606557377e-02 2.7540983606557e-02 6.2295081967213e-02 2.6885245901639e-02 2.9344262295082e-02 4.3442622950820e-02 1.6721311475410e-02 2.0983606557377e-02 2.8688524590164e-02 1.8688524590164e-02 4.6065573770492e-02 5.8360655737705e-02 1.0393442622951e-01 
1.5661016949153e-01 2.4745762711864e-02 3.3644067796610e-02 5.9406779661017e-02 3.8135593220339e-02 2.8898305084746e-02 8.0677966101695e-02 2.4406779661017e-02 4.6440677966102e-02 2.5847457627119e-02 1.8305084745763e-02 2.0169491525424e-02 3.7457627118644e-02 2.5338983050847e-02 2.7372881355932e-02 2.5000000000000e-02 3.3728813559322e-02 7.6864406779661e-02 2.4830508474576e-02 2.1355932203390e-02 2.1440677966102e-02 3.1440677966102e-02 1.4152542372881e-02 8.1694915254237e-02 2.2033898305085e-02 
2.6521367521368e-01 3.1367521367521e-02 1.2735042735043e-02 2.6068376068376e-02 4.6153846153846e-02 6.4102564102564e-02 3.5128205128205e-02 4.5555555555556e-02 2.0341880341880e-02 1.6239316239316e-02 2.7521367521368e-02 2.9316239316239e-02 5.3760683760684e-02 3.6324786324786e-02 2.3504273504274e-02 3.9230769230769e-02 1.3162393162393e-02 2.1282051282051e-02 3.8547008547009e-02 9.3162393162393e-03 1.9401709401709e-02 5.7606837606838e-02 2.1623931623932e-02 2.3846153846154e-02 2.2649572649573e-02 
2.5593220338983e-02 3.0847457627119e-02 2.0508474576271e-02 2.3389830508475e-02 1.8135593220339e-02 2.4745762711864e-02 1.0423728813559e-01 1.8983050847458e-02 1.4016949152542e-01 2.2711864406780e-02 1.8813559322034e-02 1.8288135593220e-01 1.7118644067797e-02 2.3728813559322e-02 1.7288135593220e-02 1.7627118644068e-02 2.1525423728814e-02 4.5084745762712e-02 6.8135593220339e-02 1.7966101694915e-02 3.6949152542373e-02 2.8644067796610e-02 1.8644067796610e-02 3.2372881355932e-02 2.3898305084746e-02 
1.4835294117647e-01 1.4235294117647e-02 1.2235294117647e-01 1.2470588235294e-02 1.1882352941176e-02 1.7176470588235e-02 5.6470588235294e-02 1.2588235294118e-02 3.4941176470588e-02 2.4117647058823e-02 1.4352941176471e-02 1.2117647058824e-02 2.2588235294118e-02 9.7529411764706e-02 1.8588235294118e-02 3.4117647058823e-02 2.5764705882353e-02 1.4694117647059e-01 2.3058823529412e-02 2.1294117647059e-02 1.3294117647059e-02 5.4588235294118e-02 1.7058823529412e-02 1.2705882352941e-02 3.1411764705882e-02 
2.0892857142857e-02 2.5000000000000e-02 3.9285714285714e-02 1.5803571428571e-02 4.3214285714286e-02 3.1071428571429e-02 8.4017857142857e-02 1.2053571428571e-02 1.8214285714286e-02 1.1696428571429e-02 3.1785714285714e-02 1.2500000000000e-02 2.0107142857143e-01 5.5357142857143e-02 7.3303571428571e-02 2.9017857142857e-02 1.1428571428571e-02 4.4375000000000e-02 2.6517857142857e-02 1.3205357142857e-01 2.1339285714286e-02 1.6339285714286e-02 1.1607142857143e-02 1.8750000000000e-02 1.3303571428571e-02 
2.5689655172414e-02 9.2155172413793e-02 2.0689655172414e-02 1.6293103448276e-02 3.5172413793103e-02 1.0948275862069e-02 1.4655172413793e-02 1.0172413793103e-02 3.1637931034483e-02 1.4396551724138e-02 5.2500000000000e-02 1.1982758620690e-02 1.0948275862069e-02 3.2327586206897e-02 1.0732758620690e-01 1.9568965517241e-02 2.5172413793103e-02 4.4913793103448e-02 1.3534482758621e-02 9.1810344827586e-02 1.5258620689655e-02 3.3448275862069e-02 1.6206896551724e-01 2.7155172413793e-02 8.0172413793103e-02 
6.2560000000000e-02 4.4400000000000e-02 1.7600000000000e-02 9.8400000000000e-03 5.0320000000000e-02 1.8160000000000e-02 1.3520000000000e-02 4.6960000000000e-02 1.6560000000000e-02 5.8080000000000e-02 4.0240000000000e-02 2.7600000000000e-02 3.6080000000000e-02 1.7280000000000e-02 1.1848000000000e-01 1.4320000000000e-02 3.9440000000000e-02 6.8720000000000e-02 2.1040000000000e-02 1.7280000000000e-02 6.0480000000000e-02 1.0240000000000e-02 4.6960000000000e-02 3.3600000000000e-02 1.1024000000000e-01 
2.9154929577465e-02 2.9577464788732e-02 2.1830985915493e-02 1.9577464788732e-02 1.4929577464789e-02 1.8591549295775e-02 3.5492957746479e-02 7.5774647887324e-02 7.3521126760563e-02 2.6760563380282e-02 4.3802816901408e-02 2.5915492957746e-02 2.2112676056338e-02 9.0140845070423e-02 1.1281690140845e-01 1.8732394366197e-02 3.8028169014084e-02 1.8309859154930e-02 2.4507042253521e-02 3.0281690140845e-02 2.2676056338028e-02 3.8450704225352e-02 5.6338028169014e-02 1.5211267605634e-02 9.7464788732394e-02 
5.1826086956522e-02 2.2782608695652e-02 5.9304347826087e-02 1.4608695652174e-02 3.7739130434783e-02 8.2000000000000e-02 2.1913043478261e-02 1.7130434782609e-02 2.2260869565217e-02 1.4434782608696e-02 1.5391304347826e-02 1.0000000000000e-02 7.5130434782609e-02 3.4869565217391e-02 3.3391304347826e-02 2.3886956521739e-01 1.1043478260870e-02 3.1217391304348e-02 1.3043478260870e-02 1.6695652173913e-02 3.0086956521739e-02 1.8695652173913e-02 5.0695652173913e-02 1.9739130434783e-02 5.7130434782609e-02 
6.9602649006623e-02 1.2384105960265e-02 3.9271523178808e-02 1.1192052980132e-02 6.3311258278146e-02 1.3615894039735e-01 5.9735099337748e-02 2.1059602649007e-02 1.8874172185430e-02 1.1059602649007e-02 3.5298013245033e-02 1.8543046357616e-02 1.1986754966887e-02 3.2582781456954e-02 1.9337748344371e-02 3.2052980132450e-02 1.6291390728477e-02 9.5364238410596e-03 4.1589403973510e-02 2.1192052980132e-02 2.8211920529801e-02 1.8947019867550e-01 2.1986754966887e-02 3.4635761589404e-02 4.4635761589404e-02 
1.1139705882353e-01 4.7058823529412e-02 1.0441176470588e-02 4.6617647058823e-02 9.1911764705882e-03 1.4044117647059e-02 5.2352941176471e-02 1.2205882352941e-02 1.0073529411765e-02 1.5661764705882e-02 7.0808823529412e-02 1.1617647058824e-02 5.5808823529412e-02 4.0661764705882e-02 4.3750000000000e-02 5.6911764705882e-02 3.6029411764706e-02 7.0882352941176e-02 1.4632352941176e-02 1.3404411764706e-01 1.9411764705882e-02 3.2573529411765e-02 1.5220588235294e-02 1.3235294117647e-02 5.5367647058824e-02 
2.3461538461538e-02 4.9423076923077e-02 4.1153846153846e-02 5.0000000000000e-02 1.9807692307692e-02 2.0384615384615e-02 2.3846153846154e-02 3.0384615384615e-02 3.1730769230769e-02 3.6153846153846e-02 2.0769230769231e-02 2.5961538461538e-02 2.5192307692308e-02 2.3269230769231e-02 9.7500000000000e-02 7.0769230769231e-02 5.5961538461538e-02 1.9807692307692e-02 3.8076923076923e-02 3.6730769230769e-02 5.6153846153846e-02 4.0576923076923e-02 9.4230769230769e-02 4.8461538461538e-02 2.0192307692308e-02 
9.3125000000000e-02 2.5000000000000e-02 3.1562500000000e-02 8.6093750000000e-02 2.5546875000000e-02 1.0437500000000e-01 1.2890625000000e-02 5.3437500000000e-02 1.1875000000000e-02 4.2578125000000e-02 4.7265625000000e-02 1.1171875000000e-02 3.0859375000000e-02 8.3906250000000e-02 1.2734375000000e-02 2.7890625000000e-02 2.6015625000000e-02 2.2421875000000e-02 4.1718750000000e-02 5.3593750000000e-02 3.3515625000000e-02 5.0234375000000e-02 2.0156250000000e-02 3.4843750000000e-02 1.7187500000000e-02 
2.0259740259740e-02 4.7142857142857e-02 1.5324675324675e-02 2.6233766233766e-02 2.1168831168831e-02 1.4675324675325e-02 2.6493506493506e-02 8.3376623376623e-02 1.1467532467532e-01 4.6493506493506e-02 2.1168831168831e-02 1.9480519480519e-02 1.5324675324675e-02 1.5844155844156e-02 1.0259740259740e-01 2.1428571428571e-02 1.5727272727273e-01 1.3506493506493e-02 3.4285714285714e-02 1.9350649350649e-02 2.7142857142857e-02 1.4415584415584e-02 3.4935064935065e-02 1.9870129870130e-02 6.7532467532467e-02 
1.3577235772358e-02 4.5609756097561e-02 1.3284552845528e-01 2.1138211382114e-02 1.3821138211382e-02 4.1707317073171e-02 2.3739837398374e-02 3.4634146341463e-02 1.2520325203252e-02 1.5528455284553e-02 2.9024390243902e-02 1.0243902439024e-02 3.2113821138211e-02 1.4471544715447e-02 1.2764227642276e-02 1.4845528455285e-01 4.5853658536585e-02 8.4146341463415e-02 2.1707317073171e-02 1.0869918699187e-01 2.7560975609756e-02 2.0975609756098e-02 2.3170731707317e-02 4.5284552845528e-02 2.0406504065041e-02 
1.7678571428571e-02 3.3125000000000e-02 3.3482142857143e-02 1.2714285714286e-01 1.5392857142857e-01 1.7321428571429e-02 1.7767857142857e-02 4.4553571428571e-02 1.5803571428571e-02 1.6428571428571e-02 2.8839285714286e-02 1.4821428571429e-02 2.3571428571429e-02 5.2678571428571e-02 2.0446428571429e-02 2.2232142857143e-02 2.7053571428571e-02 3.5178571428571e-02 8.8303571428571e-02 4.0803571428571e-02 1.8571428571429e-02 1.5714285714286e-02 4.5446428571429e-02 7.0982142857143e-02 1.8125000000000e-02 
2.0793650793651e-02 1.5476190476190e-02 2.8492063492063e-02 5.8412698412698e-02 2.3174603174603e-02 1.5555555555556e-01 2.6984126984127e-02 7.3730158730159e-02 1.1507936507936e-02 2.4285714285714e-02 5.2460317460317e-02 1.3015873015873e-02 3.8253968253968e-02 7.9682539682540e-02 1.5793650793651e-02 4.1746031746032e-02 1.8333333333333e-02 2.6587301587302e-02 1.1349206349206e-02 8.0634920634921e-02 2.6349206349206e-02 6.1984126984127e-02 4.7222222222222e-02 3.7380952380952e-02 1.0793650793651e-02 
3.1774193548387e-02 3.5000000000000e-02 1.7258064516129e-02 2.5161290322581e-02 7.4516129032258e-02 1.9032258064516e-02 1.6774193548387e-02 5.1290322580645e-02 2.6290322580645e-02 2.0967741935484e-01 2.7741935483871e-02 5.6774193548387e-02 1.6451612903226e-02 5.1290322580645e-02 2.4354838709677e-02 5.8709677419355e-02 5.9677419354839e-02 1.7258064516129e-02 2.7096774193548e-02 1.9193548387097e-02 4.9032258064516e-02 1.7096774193548e-02 1.6774193548387e-02 2.8064516129032e-02 2.3709677419355e-02 
3.4230769230769e-02 3.1666666666667e-02 2.2820512820513e-02 2.1282051282051e-02 4.7564102564102e-02 1.5641025641026e-02 1.3461538461538e-02 3.6538461538461e-02 1.3974358974359e-02 1.8589743589744e-02 1.3589743589744e-02 2.0128205128205e-02 1.6025641025641e-02 2.5897435897436e-02 1.6282051282051e-02 2.3076923076923e-02 8.4487179487179e-02 3.0769230769231e-02 2.9102564102564e-02 1.8717948717949e-02 3.2038461538462e-01 2.0128205128205e-02 3.3461538461538e-02 6.3589743589744e-02 2.8589743589744e-02 
1.5714285714286e-02 1.3896103896104e-02 4.1948051948052e-02 3.5844155844156e-02 1.5324675324675e-02 9.5064935064935e-02 1.8311688311688e-02 9.3636363636364e-02 2.3506493506493e-02 1.7558441558442e-01 4.8181818181818e-02 4.1818181818182e-02 4.1558441558442e-02 1.5714285714286e-02 3.4935064935065e-02 1.6883116883117e-02 2.9870129870130e-02 6.6103896103896e-02 2.8571428571429e-02 1.3246753246753e-02 1.7792207792208e-02 3.3636363636364e-02 1.7532467532468e-02 4.3246753246753e-02 2.2077922077922e-02 
4.8000000000000e-02 1.7505882352941e-01 1.9529411764706e-02 1.8705882352941e-02 1.4235294117647e-02 1.2823529411765e-02 1.9529411764706e-02 1.5529411764706e-02 1.7258823529412e-01 1.1082352941176e-01 3.6588235294118e-02 3.0705882352941e-02 2.0352941176471e-02 1.3882352941176e-02 3.3647058823529e-02 1.5764705882353e-02 1.8352941176471e-02 2.9411764705882e-02 2.7882352941176e-02 1.7882352941176e-02 2.3176470588235e-02 1.4588235294118e-02 1.8000000000000e-02 6.0588235294118e-02 3.2352941176471e-02 
9.7983193277311e-02 1.7731092436975e-02 2.5630252100840e-02 7.0840336134454e-02 3.8991596638655e-02 3.8403361344538e-02 6.6554621848739e-02 1.2352941176471e-02 3.5294117647059e-02 1.4117647058824e-02 1.0252100840336e-01 2.1428571428571e-02 3.2941176470588e-02 4.9243697478992e-02 3.9243697478992e-02 5.5630252100840e-02 2.0924369747899e-02 3.6218487394958e-02 2.2521008403361e-02 6.4201680672269e-02 2.2689075630252e-02 3.3361344537815e-02 2.9075630252101e-02 3.5126050420168e-02 1.6974789915966e-02 
3.5196850393701e-02 9.5275590551181e-03 3.6299212598425e-02 1.4409448818898e-02 1.0000000000000e-02 3.9055118110236e-02 4.5984251968504e-02 2.2598425196850e-02 1.0551181102362e-02 1.5590551181102e-02 4.2755905511811e-02 1.0787401574803e-02 5.3307086614173e-02 4.5275590551181e-02 1.9763779527559e-02 9.5905511811024e-02 3.3070866141732e-02 5.7086614173228e-02 2.1181102362205e-02 1.4834645669291e-01 1.9212598425197e-02 2.9527559055118e-02 1.0527559055118e-01 1.6850393700787e-02 6.2440944881890e-02 
1.5238095238095e-02 2.3095238095238e-02 2.3492063492063e-02 3.0158730158730e-02 1.0944444444444e-01 5.2460317460317e-02 1.6984126984127e-02 1.2619047619048e-02 1.9841269841270e-02 2.3412698412698e-02 1.6261904761905e-01 9.6031746031746e-03 1.5000000000000e-02 3.8650793650794e-02 3.5158730158730e-02 1.6825396825397e-02 1.3333333333333e-02 6.2777777777778e-02 8.7777777777778e-02 1.9920634920635e-02 2.9126984126984e-02 6.1825396825397e-02 3.9761904761905e-02 6.5714285714286e-02 1.5158730158730e-02 
2.7681159420290e-02 1.0507246376812e-02 6.7898550724638e-02 1.7318840579710e-02 6.7101449275362e-02 3.8695652173913e-02 9.3478260869565e-03 1.3768115942029e-02 4.6159420289855e-02 3.6811594202899e-02 1.7681159420290e-02 1.0724637681159e-02 1.4057971014493e-02 3.7391304347826e-02 3.5869565217391e-02 1.8297101449275e-01 9.5652173913044e-03 2.6449275362319e-02 4.4855072463768e-02 1.3768115942029e-02 9.2536231884058e-02 2.0652173913043e-02 1.0681159420290e-01 1.2173913043478e-02 3.9202898550725e-02 
2.4576271186441e-02 2.3898305084746e-02 3.4237288135593e-02 3.1864406779661e-02 1.7966101694915e-02 1.7966101694915e-02 1.3203389830508e-01 1.9322033898305e-02 7.7288135593220e-02 4.5932203389830e-02 7.8305084745763e-02 2.6610169491525e-02 2.1355932203390e-02 3.6101694915254e-02 3.0677966101695e-02 4.3559322033898e-02 2.6271186440678e-02 3.9661016949152e-02 2.5762711864407e-02 3.6271186440678e-02 2.8983050847458e-02 3.4745762711864e-02 9.7966101694915e-02 2.3728813559322e-02 2.4915254237288e-02 
4.4962962962963e-02 3.6592592592593e-02 5.7629629629630e-02 9.1111111111111e-03 1.9037037037037e-02 3.8444444444444e-02 5.6296296296296e-02 1.5629629629630e-02 5.9185185185185e-02 1.5481481481481e-02 1.6370370370370e-02 3.9259259259259e-02 8.7925925925926e-02 1.5259259259259e-02 3.2444444444444e-02 3.0444444444444e-02 3.9037037037037e-02 6.9037037037037e-02 1.1111111111111e-02 1.5192592592593e-01 2.3259259259259e-02 2.1185185185185e-02 1.8296296296296e-02 2.5925925925926e-02 6.6148148148148e-02 
1.3071428571429e-01 3.5476190476190e-02 4.2936507936508e-02 1.0642857142857e-01 7.1111111111111e-02 1.1507936507936e-02 3.3253968253968e-02 1.1666666666667e-01 4.2460317460317e-02 2.8888888888889e-02 3.4682539682540e-02 3.2142857142857e-02 4.8174603174603e-02 2.8809523809524e-02 2.0634920634921e-02 9.0476190476190e-03 2.4365079365079e-02 3.9523809523809e-02 3.3571428571429e-02 1.8809523809524e-02 1.0000000000000e-02 1.0873015873016e-02 1.3571428571429e-02 1.0079365079365e-02 4.6269841269841e-02 
3.7500000000000e-02 3.5000000000000e-02 4.3888888888889e-02 3.0000000000000e-02 2.8888888888889e-02 3.0555555555555e-02 6.8055555555555e-02 2.9166666666667e-02 7.5277777777778e-02 8.3611111111111e-02 3.4722222222222e-02 3.8333333333333e-02 2.7777777777778e-02 2.8055555555555e-02 6.1111111111111e-02 3.9722222222222e-02 2.9722222222222e-02 2.7777777777778e-02 3.3333333333333e-02 4.9722222222222e-02 4.2500000000000e-02 3.0277777777778e-02 2.7777777777778e-02 2.8055555555555e-02 3.9166666666667e-02 
3.0303030303030e-02 3.0303030303030e-02 3.4545454545455e-02 3.0606060606061e-02 3.0606060606061e-02 3.1818181818182e-02 3.0606060606061e-02 5.3030303030303e-02 3.0909090909091e-02 6.4848484848485e-02 3.5454545454545e-02 3.1818181818182e-02 3.4545454545455e-02 3.0606060606061e-02 3.8787878787879e-02 3.9393939393939e-02 1.1636363636364e-01 3.0303030303030e-02 3.0303030303030e-02 3.0606060606061e-02 3.7272727272727e-02 7.8787878787879e-02 3.0606060606061e-02 3.3636363636364e-02 3.3939393939394e-02 
1.7760000000000e-02 1.3120000000000e-02 9.3440000000000e-02 7.6320000000000e-02 2.2720000000000e-02 1.0312000000000e-01 1.5440000000000e-02 2.3760000000000e-02 2.2560000000000e-02 1.7120000000000e-02 3.6080000000000e-02 1.7840000000000e-02 1.3136000000000e-01 2.4400000000000e-02 1.9280000000000e-02 3.5760000000000e-02 3.2880000000000e-02 3.4480000000000e-02 3.0000000000000e-02 7.2400000000000e-02 2.8160000000000e-02 1.6320000000000e-02 3.5120000000000e-02 1.7760000000000e-02 6.2800000000000e-02 
7.6964285714286e-02 5.3571428571429e-02 3.3571428571429e-02 1.3035714285714e-02 1.0714285714286e-02 1.5535714285714e-02 3.2321428571429e-02 1.9553571428571e-02 2.1785714285714e-02 4.8928571428571e-02 1.3821428571429e-01 2.9464285714286e-02 1.1964285714286e-02 2.1517857142857e-02 5.1339285714286e-02 5.1785714285714e-02 2.5535714285714e-02 2.0535714285714e-02 2.4017857142857e-02 1.2678571428571e-02 2.0535714285714e-02 1.6160714285714e-02 1.6223214285714e-01 3.0089285714286e-02 5.7946428571429e-02 
5.8582677165354e-02 3.0551181102362e-02 2.8425196850394e-02 2.7795275590551e-02 2.3700787401575e-02 5.9606299212598e-02 1.1574803149606e-02 3.7165354330709e-02 1.9370078740157e-02 1.1259842519685e-02 7.9133858267716e-02 4.1181102362205e-02 8.1732283464567e-02 6.1889763779527e-02 4.2992125984252e-02 6.6850393700787e-02 1.2125984251968e-02 2.4330708661417e-02 1.7244094488189e-02 2.3228346456693e-02 4.7716535433071e-02 1.4204724409449e-01 1.2677165354331e-02 1.1574803149606e-02 2.7244094488189e-02 
4.1629629629630e-02 1.7185185185185e-02 9.1111111111111e-02 1.2518518518519e-02 9.3333333333333e-03 1.8074074074074e-02 1.9851851851852e-02 5.7111111111111e-02 9.3333333333333e-03 1.4370370370370e-02 6.7777777777778e-02 9.8518518518519e-03 2.8074074074074e-02 5.7407407407407e-02 2.5629629629630e-02 2.2970370370370e-01 2.4074074074074e-02 3.6962962962963e-02 2.0592592592593e-02 2.1555555555556e-02 4.3259259259259e-02 4.4222222222222e-02 5.6296296296296e-02 2.1777777777778e-02 2.2296296296296e-02 
3.3434343434343e-02 7.0808080808081e-02 1.3030303030303e-02 4.2828282828283e-02 2.2626262626263e-02 6.2727272727273e-02 2.9595959595960e-02 1.3939393939394e-02 2.1616161616162e-02 3.4040404040404e-02 1.5252525252525e-02 2.5555555555556e-02 1.9626262626263e-01 5.1212121212121e-02 2.1010101010101e-02 2.0202020202020e-02 3.3737373737374e-02 5.6767676767677e-02 4.6363636363636e-02 2.1414141414141e-02 4.8484848484848e-02 3.0606060606061e-02 1.3232323232323e-02 3.0707070707071e-02 4.4545454545455e-02 
1.3085106382979e-02 3.8085106382979e-02 1.5319148936170e-02 1.1489361702128e-02 1.6382978723404e-02 1.6063829787234e-02 2.3510638297872e-02 4.5957446808511e-02 1.7957446808511e-01 2.6478723404255e-01 2.6595744680851e-02 3.0851063829787e-02 1.0957446808511e-02 2.1276595744681e-02 2.3829787234043e-02 1.4468085106383e-02 4.8191489361702e-02 2.2234042553191e-02 2.3510638297872e-02 1.7978723404255e-02 1.5851063829787e-02 5.7234042553191e-02 1.7553191489362e-02 3.2553191489362e-02 1.2659574468085e-02 
7.1287878787879e-02 2.2045454545455e-02 3.8181818181818e-02 3.8030303030303e-02 6.5606060606061e-02 2.3257575757576e-02 6.2878787878788e-02 6.7045454545455e-02 1.0454545454545e-02 1.4545454545455e-02 4.1893939393939e-02 2.4393939393939e-02 7.0833333333333e-02 2.7954545454545e-02 7.0909090909091e-02 8.2500000000000e-02 1.4621212121212e-02 1.8257575757576e-02 6.0909090909091e-02 3.6212121212121e-02 2.8787878787879e-02 3.1969696969697e-02 4.4924242424242e-02 1.9772727272727e-02 1.2727272727273e-02 
1.9714285714286e-02 7.6142857142857e-02 1.6714285714286e-02 1.4571428571429e-02 1.4714285714286e-02 1.8714285714286e-02 1.0200000000000e-01 7.5285714285714e-02 2.0428571428571e-02 8.9142857142857e-02 1.4342857142857e-01 3.7857142857143e-02 5.3857142857143e-02 1.7428571428571e-02 2.4571428571429e-02 1.6571428571429e-02 4.3714285714286e-02 2.1571428571429e-02 6.4000000000000e-02 1.6142857142857e-02 1.7142857142857e-02 3.2714285714286e-02 2.3285714285714e-02 2.1000000000000e-02 1.9285714285714e-02 
1.5256410256410e-02 4.0217948717949e-01 1.8589743589744e-02 2.5256410256410e-02 1.2820512820513e-02 1.2948717948718e-02 1.6153846153846e-02 1.5769230769231e-02 3.4743589743590e-02 3.1794871794872e-02 1.2820512820513e-02 1.2948717948718e-02 1.7307692307692e-02 3.2179487179487e-02 2.4230769230769e-02 1.3076923076923e-02 1.3512820512820e-01 1.8846153846154e-02 1.3076923076923e-02 1.4102564102564e-02 2.1923076923077e-02 1.2948717948718e-02 5.1666666666667e-02 1.9743589743590e-02 1.4487179487179e-02 
3.5486725663717e-02 2.4159292035398e-02 1.9292035398230e-02 1.0433628318584e-01 2.1681415929204e-02 7.8053097345133e-02 3.7079646017699e-02 3.3539823008850e-02 1.2654867256637e-02 1.1769911504425e-02 1.2433628318584e-01 1.4070796460177e-02 2.8938053097345e-02 4.9911504424779e-02 2.3982300884956e-02 3.9734513274336e-02 2.9026548672566e-02 1.3362831858407e-02 2.8407079646018e-02 1.2300884955752e-02 3.3362831858407e-02 1.0796460176991e-01 7.2389380530973e-02 2.0088495575221e-02 2.4070796460177e-02 
3.3040000000000e-02 1.5360000000000e-02 2.7440000000000e-02 1.2080000000000e-02 6.8640000000000e-02 1.5840000000000e-02 1.7440000000000e-02 1.4080000000000e-02 1.2880000000000e-02 1.5680000000000e-02 5.6880000000000e-02 4.7520000000000e-02 4.4400000000000e-02 4.3360000000000e-02 7.4480000000000e-02 4.5840000000000e-02 3.7360000000000e-02 3.9200000000000e-02 1.1520000000000e-02 2.5856000000000e-01 1.0640000000000e-02 1.6640000000000e-02 3.2000000000000e-02 2.3200000000000e-02 2.5920000000000e-02 
1.0154411764706e-01 2.0294117647059e-02 1.2573529411765e-02 3.4044117647059e-02 1.1102941176471e-02 1.7794117647059e-02 4.7279411764706e-02 3.7132352941176e-02 1.5955882352941e-02 2.2573529411765e-02 1.2007352941176e-01 3.5367647058823e-02 1.7904411764706e-01 1.5514705882353e-02 1.1250000000000e-02 5.5588235294118e-02 1.1985294117647e-02 2.6544117647059e-02 7.8088235294118e-02 1.1250000000000e-02 4.3308823529412e-02 4.6544117647059e-02 1.1470588235294e-02 2.2279411764706e-02 1.1397058823529e-02 
4.2419354838710e-02 2.1612903225806e-02 1.7419354838710e-02 3.2741935483871e-02 1.9677419354839e-02 3.6290322580645e-02 1.8709677419355e-02 1.9677419354839e-02 1.7629032258065e-01 8.2741935483871e-02 1.6451612903226e-02 2.2419354838710e-02 3.6774193548387e-02 2.2580645161290e-02 1.0435483870968e-01 1.6774193548387e-02 2.0161290322581e-02 1.7096774193548e-02 3.8387096774194e-02 1.6774193548387e-02 5.3064516129032e-02 2.0645161290323e-02 2.9193548387097e-02 8.9193548387097e-02 2.8548387096774e-02 
1.2020202020202e-02 1.1212121212121e-02 1.0797979797980e-01 1.3030303030303e-02 2.8686868686869e-02 1.1515151515152e-02 2.8080808080808e-02 4.6868686868687e-02 1.7373737373737e-02 5.0303030303030e-02 2.0909090909091e-02 1.5656565656566e-02 1.9696969696970e-02 1.4646464646465e-02 8.0404040404040e-02 7.8686868686869e-02 1.0010101010101e-01 2.6060606060606e-02 1.0707070707071e-02 1.6363636363636e-02 4.6969696969697e-02 2.6666666666667e-02 8.9797979797980e-02 6.3232323232323e-02 6.3030303030303e-02 
1.6292134831461e-02 2.4382022471910e-02 5.3033707865169e-02 1.3146067415730e-02 1.3483146067416e-02 1.5280898876405e-02 4.4606741573034e-02 5.6292134831461e-02 1.0157303370787e-01 5.8314606741573e-02 1.6067415730337e-02 4.4719101123595e-02 2.5955056179775e-02 1.6966292134831e-02 1.2359550561798e-02 2.6067415730337e-02 2.7752808988764e-02 2.3977528089888e-01 6.0112359550562e-02 1.3370786516854e-02 4.4044943820225e-02 1.6966292134831e-02 1.3258426966292e-02 1.2921348314607e-02 3.3258426966292e-02 
1.4183673469388e-02 1.3673469387755e-02 2.2551020408163e-02 3.0612244897959e-02 1.3571428571429e-02 1.4693877551020e-02 1.1122448979592e-02 1.3581632653061e-01 4.0714285714286e-02 1.4285714285714e-02 3.4285714285714e-02 1.6826530612245e-01 7.0408163265306e-02 3.6326530612245e-02 1.6326530612245e-02 3.4693877551020e-02 1.1938775510204e-02 1.1020408163265e-02 1.0163265306122e-01 1.2755102040816e-02 5.2448979591837e-02 5.7857142857143e-02 1.2346938775510e-02 2.0000000000000e-02 4.8469387755102e-02 
3.2000000000000e-02 6.0909090909091e-02 2.2727272727273e-02 2.6727272727273e-02 1.9090909090909e-02 3.0000000000000e-02 1.9090909090909e-02 2.4909090909091e-02 3.0545454545455e-02 2.1272727272727e-02 4.2181818181818e-02 1.8181818181818e-02 3.8181818181818e-02 5.3272727272727e-02 1.9818181818182e-02 2.3090909090909e-02 6.3454545454545e-02 2.5090909090909e-02 2.3272727272727e-02 4.4000000000000e-02 5.1272727272727e-02 2.5818181818182e-02 9.7272727272727e-02 2.9272727272727e-02 1.5854545454545e-01 
6.4566929133858e-02 2.2125984251968e-02 2.0393700787402e-02 2.2677165354331e-02 7.5118110236220e-02 9.7637795275590e-03 1.9133858267717e-02 1.8976377952756e-02 1.3464566929134e-02 5.2519685039370e-02 1.9212598425197e-02 3.0157480314961e-02 3.2283464566929e-02 3.3385826771653e-02 1.2992125984252e-02 1.7086614173228e-02 2.5118110236220e-02 1.8976377952756e-02 2.7952755905512e-02 2.6165354330709e-01 1.5669291338583e-02 2.6614173228346e-02 2.6692913385827e-02 2.0078740157480e-02 1.1338582677165e-01 
